West53;-76;-51;-72;-50;-74;-71
West53;-76;-50;-74;-53;-76;-70
West53;-74;-54;-72;-58;-77;-69
West53;-76;-52;-75;-51;-76;-70
West53;-75;-50;-72;-52;-83;-70
West53;-73;-52;-74;-52;-82;-71
West53;-73;-49;-74;-56;-80;-72
West53;-77;-60;-73;-56;-81;-72
West53;-72;-61;-100;-54;-82;-72
West53;-70;-57;-72;-56;-79;-74
West53;-74;-60;-72;-54;-79;-72
West53;-72;-54;-71;-50;-79;-73
West53;-72;-60;-72;-55;-77;-71
West53;-73;-62;-72;-51;-83;-75
West53;-72;-56;-72;-49;-77;-72
West53;-73;-56;-74;-53;-77;-70
West53;-75;-59;-69;-56;-79;-74
West53;-78;-57;-68;-53;-78;-76
West53;-75;-58;-70;-54;-76;-76
West53;-75;-56;-74;-54;-76;-75
West53;-77;-58;-76;-54;-78;-75
West53;-74;-59;-68;-54;-79;-74
West53;-72;-54;-69;-54;-81;-74
West53;-74;-53;-68;-56;-80;-74
West53;-78;-57;-70;-55;-77;-72
West53;-73;-56;-72;-55;-78;-74
West53;-82;-55;-70;-55;-78;-76
West53;-74;-51;-73;-54;-78;-75
West53;-76;-54;-70;-54;-76;-72
West53;-76;-53;-71;-54;-77;-71
West53;-75;-56;-70;-55;-78;-72
West53;-72;-52;-71;-54;-80;-75
West53;-75;-51;-72;-52;-78;-77
West53;-72;-55;-73;-53;-80;-74
West53;-77;-59;-70;-53;-80;-75
West53;-74;-52;-69;-54;-79;-75
West53;-74;-53;-72;-54;-80;-75
West53;-72;-56;-72;-54;-79;-77
West53;-71;-57;-78;-54;-78;-76
West53;-75;-53;-72;-54;-77;-75
West53;-76;-52;-73;-54;-78;-77
West53;-73;-57;-74;-54;-80;-77
West53;-75;-56;-71;-54;-79;-76
West53;-74;-57;-73;-52;-79;-75
West53;-76;-54;-72;-52;-78;-74
West53;-72;-58;-70;-53;-80;-76
West53;-72;-52;-72;-52;-79;-74
West53;-76;-55;-72;-53;-79;-74
West53;-76;-58;-69;-53;-79;-75
West53;-74;-54;-69;-52;-81;-74
West53;-73;-56;-69;-50;-81;-77
West53;-76;-58;-70;-54;-81;-75
West49;-81;-63;-65;-56;-62;-80
West49;-82;-64;-60;-56;-62;-79
West49;-82;-63;-60;-55;-62;-79
West49;-81;-62;-55;-56;-63;-79
West49;-81;-62;-57;-56;-63;-79
West49;-80;-65;-61;-56;-69;-79
West49;-77;-65;-60;-54;-66;-79
West49;-81;-62;-58;-54;-70;-81
West49;-77;-64;-56;-54;-65;-83
West49;-79;-65;-56;-55;-67;-82
West49;-79;-65;-60;-55;-66;-81
West49;-81;-62;-55;-55;-66;-82
West49;-82;-62;-58;-54;-66;-82
West49;-81;-77;-59;-54;-64;-81
West49;-83;-68;-57;-55;-65;-80
West49;-78;-66;-57;-54;-67;-80
West49;-84;-68;-57;-55;-64;-79
West49;-84;-65;-57;-56;-64;-78
West49;-84;-71;-61;-57;-66;-78
West49;-78;-68;-64;-56;-69;-80
West49;-82;-80;-59;-55;-68;-83
West49;-82;-68;-59;-55;-67;-80
West49;-83;-72;-55;-56;-69;-78
West49;-83;-62;-63;-56;-68;-77
West49;-78;-68;-56;-55;-68;-79
West49;-81;-72;-58;-54;-66;-82
West49;-83;-63;-58;-55;-64;-82
West49;-84;-74;-61;-55;-65;-82
West49;-82;-74;-57;-54;-64;-83
West49;-79;-73;-58;-54;-64;-83
West49;-79;-80;-57;-54;-68;-83
West49;-100;-69;-57;-55;-68;-82
West49;-83;-72;-56;-54;-63;-82
West49;-78;-72;-58;-53;-64;-81
West49;-80;-73;-58;-54;-67;-83
West49;-77;-78;-57;-54;-67;-80
West49;-84;-74;-58;-55;-63;-82
West49;-84;-75;-58;-54;-66;-83
West49;-79;-69;-58;-54;-64;-82
West49;-77;-64;-58;-55;-63;-83
West49;-82;-74;-60;-55;-67;-82
West49;-79;-75;-60;-54;-68;-82
West49;-81;-64;-57;-56;-65;-84
West49;-77;-72;-62;-55;-64;-80
West49;-86;-66;-60;-55;-66;-83
West49;-81;-72;-62;-54;-65;-84
West32;-67;-71;-78;-62;-81;-65
West32;-64;-80;-78;-64;-82;-64
West32;-63;-73;-80;-64;-82;-64
West32;-63;-69;-77;-62;-82;-62
West32;-65;-74;-77;-62;-83;-64
West32;-64;-84;-78;-65;-84;-64
West32;-69;-72;-79;-64;-82;-65
West32;-66;-63;-87;-75;-81;-62
West32;-69;-64;-78;-70;-80;-63
West32;-63;-64;-76;-73;-79;-64
West32;-58;-65;-82;-71;-79;-61
West32;-67;-64;-83;-69;-80;-64
West32;-62;-63;-80;-70;-80;-64
West32;-60;-63;-79;-71;-80;-62
West32;-60;-67;-80;-67;-79;-61
West32;-60;-68;-88;-72;-79;-61
West32;-61;-66;-78;-69;-82;-61
West32;-59;-64;-83;-68;-81;-61
West32;-61;-64;-80;-69;-80;-61
West32;-63;-67;-81;-71;-80;-61
West32;-61;-66;-82;-71;-78;-60
West32;-61;-66;-83;-71;-83;-62
West32;-62;-67;-84;-68;-80;-62
West32;-62;-67;-82;-67;-81;-60
West32;-62;-67;-90;-68;-80;-60
West32;-62;-63;-87;-66;-81;-60
West32;-63;-65;-88;-68;-78;-61
West32;-63;-65;-82;-68;-81;-59
West32;-62;-68;-82;-68;-80;-60
West32;-62;-68;-88;-69;-82;-62
West32;-62;-66;-82;-69;-80;-61
West32;-62;-64;-85;-69;-79;-60
West32;-63;-60;-81;-70;-82;-59
West32;-63;-63;-88;-69;-84;-62
West32;-63;-64;-86;-69;-83;-60
West32;-62;-61;-86;-66;-78;-61
West32;-61;-64;-100;-66;-78;-59
West32;-63;-67;-79;-67;-80;-60
West32;-62;-61;-80;-66;-78;-59
West32;-62;-66;-82;-67;-80;-62
West32;-62;-63;-88;-67;-80;-60
West32;-63;-64;-86;-66;-80;-60
West26;-82;-63;-64;-58;-76;-78
West26;-86;-61;-66;-60;-74;-79
West26;-85;-61;-65;-59;-74;-81
West26;-100;-61;-66;-61;-74;-78
West26;-82;-58;-62;-61;-76;-78
West26;-86;-63;-62;-60;-76;-78
West26;-83;-62;-62;-57;-76;-78
West26;-81;-62;-58;-57;-75;-78
West26;-86;-63;-59;-57;-76;-80
West26;-81;-63;-63;-60;-76;-79
West26;-84;-62;-64;-60;-75;-77
West26;-82;-62;-59;-58;-74;-81
West26;-84;-64;-65;-57;-75;-79
West26;-80;-62;-57;-57;-76;-80
West26;-82;-62;-66;-54;-73;-82
West26;-83;-62;-62;-53;-73;-84
West26;-84;-63;-63;-51;-74;-81
West26;-84;-61;-60;-53;-77;-87
West26;-84;-66;-60;-53;-76;-81
West26;-83;-62;-55;-53;-75;-78
West26;-84;-65;-59;-53;-75;-82
West26;-83;-66;-61;-54;-74;-80
West26;-83;-59;-59;-54;-71;-81
West26;-90;-63;-60;-54;-74;-83
West26;-82;-64;-59;-54;-75;-84
West26;-82;-60;-63;-52;-74;-81
West26;-84;-61;-63;-54;-74;-86
West26;-86;-63;-62;-52;-74;-84
West26;-83;-64;-62;-53;-73;-84
West26;-83;-64;-64;-54;-75;-82
West26;-85;-67;-61;-51;-73;-81
West26;-83;-62;-61;-54;-74;-82
West26;-82;-59;-59;-54;-73;-78
West26;-84;-62;-60;-54;-73;-82
West26;-82;-65;-58;-54;-75;-85
West26;-87;-63;-64;-54;-75;-86
West26;-83;-60;-62;-55;-74;-86
West26;-84;-63;-61;-55;-74;-87
West26;-84;-65;-63;-55;-75;-87
West26;-84;-62;-60;-55;-74;-86
West26;-83;-60;-63;-55;-72;-87
West26;-86;-60;-62;-54;-75;-85
West30;-67;-63;-78;-60;-89;-68
West30;-68;-60;-79;-59;-87;-70
West30;-63;-59;-79;-60;-86;-70
West30;-65;-59;-82;-60;-87;-68
West30;-66;-64;-80;-58;-87;-67
West30;-67;-60;-82;-59;-87;-69
West30;-66;-58;-78;-59;-86;-70
West30;-64;-60;-83;-61;-87;-67
West30;-68;-64;-80;-60;-85;-69
West30;-68;-61;-80;-58;-85;-69
West30;-69;-60;-83;-58;-85;-68
West30;-71;-64;-80;-58;-84;-68
West30;-73;-65;-82;-57;-85;-69
West30;-70;-64;-79;-59;-85;-70
West30;-71;-65;-83;-59;-86;-69
West30;-70;-61;-81;-60;-87;-70
West30;-68;-63;-82;-61;-87;-69
West30;-74;-60;-79;-64;-84;-68
West30;-71;-64;-80;-65;-84;-67
West30;-64;-61;-80;-63;-83;-71
West30;-63;-60;-78;-70;-83;-71
West30;-74;-65;-81;-66;-82;-67
West30;-65;-61;-80;-64;-82;-69
West30;-72;-56;-80;-64;-83;-68
West30;-73;-60;-82;-65;-82;-70
West30;-66;-62;-82;-63;-83;-71
West30;-63;-63;-75;-62;-82;-72
West30;-62;-66;-80;-62;-83;-71
West30;-64;-62;-78;-60;-83;-70
West30;-66;-62;-81;-61;-83;-71
West30;-80;-64;-82;-61;-84;-70
West30;-64;-64;-82;-61;-81;-71
West30;-65;-68;-81;-63;-83;-71
West30;-74;-62;-80;-60;-82;-69
West30;-66;-62;-78;-59;-83;-68
West30;-64;-63;-78;-62;-84;-70
West30;-64;-60;-80;-63;-83;-71
West30;-74;-59;-80;-61;-83;-69
West30;-67;-59;-80;-66;-82;-69
West30;-64;-68;-80;-64;-84;-69
West30;-72;-62;-81;-63;-84;-69
West28;-79;-58;-73;-40;-81;-81
West28;-80;-59;-72;-41;-81;-85
West28;-80;-60;-73;-40;-83;-85
West28;-80;-57;-76;-40;-83;-82
West28;-80;-60;-72;-40;-81;-82
West28;-82;-57;-73;-40;-82;-82
West28;-80;-59;-76;-41;-81;-81
West28;-81;-58;-74;-40;-81;-82
West28;-80;-59;-76;-41;-81;-79
West28;-86;-59;-76;-40;-82;-77
West28;-79;-60;-74;-41;-81;-78
West28;-78;-58;-74;-41;-82;-80
West28;-78;-60;-79;-41;-81;-77
West28;-83;-58;-74;-40;-81;-78
West28;-82;-59;-80;-40;-81;-79
West28;-80;-60;-72;-40;-81;-79
West28;-81;-57;-77;-41;-81;-80
West28;-81;-58;-72;-41;-81;-79
West28;-82;-59;-78;-40;-82;-84
West28;-82;-59;-80;-40;-81;-79
West28;-80;-60;-74;-41;-81;-79
West28;-80;-59;-79;-40;-80;-79
West28;-86;-59;-76;-40;-80;-79
West28;-80;-58;-78;-40;-80;-78
West28;-82;-58;-74;-40;-81;-80
West28;-84;-58;-78;-41;-80;-78
West28;-86;-60;-80;-41;-81;-80
West28;-86;-59;-75;-41;-81;-78
West28;-82;-59;-72;-41;-79;-78
West28;-82;-60;-75;-41;-81;-79
West28;-86;-61;-76;-40;-79;-78